Coordinate[] path = {
      new Coordinate(      2898,      3537,      0      ),
      new Coordinate(      2899,      3538,      0      ),
      new Coordinate(      2900,      3539,      0      ),
      new Coordinate(      2901,      3540,      0      ),
      new Coordinate(      2902,      3541,      0      ),
      new Coordinate(      2901,      3542,      0      ),
      new Coordinate(      2900,      3543,      0      ),
      new Coordinate(      2899,      3544,      0      ),
      new Coordinate(      3297,      3184,      0      ),
      new Coordinate(      3296,      3184,      0      ),
    [
      3295,
      3185,
      0
    ],
    [
      3294,
      3186,
      0
    ],
    [
      3294,
      3187,
      0
    ],
    [
      3294,
      3188,
      0
    ],
    [
      3293,
      3189,
      0
    ],
    [
      3293,
      3190,
      0
    ],
    [
      3293,
      3191,
      0
    ],
    [
      3293,
      3192,
      0
    ],
    [
      3293,
      3193,
      0
    ],
    [
      3293,
      3194,
      0
    ],
    [
      3293,
      3195,
      0
    ],
    [
      3294,
      3196,
      0
    ],
    [
      3295,
      3197,
      0
    ],
    [
      3296,
      3198,
      0
    ],
    [
      3297,
      3199,
      0
    ],
    [
      3298,
      3200,
      0
    ],
    [
      3299,
      3201,
      0
    ],
    [
      3299,
      3202,
      0
    ],
    [
      3299,
      3203,
      0
    ],
    [
      3299,
      3204,
      0
    ],
    [
      3299,
      3205,
      0
    ],
    [
      3299,
      3206,
      0
    ],
    [
      3299,
      3207,
      0
    ],
    [
      3299,
      3208,
      0
    ],
    [
      3299,
      3209,
      0
    ],
    [
      3300,
      3210,
      0
    ],
    [
      3301,
      3211,
      0
    ],
    [
      3302,
      3212,
      0
    ],
    [
      3303,
      3213,
      0
    ],
    [
      3304,
      3214,
      0
    ],
    [
      3305,
      3215,
      0
    ],
    [
      3305,
      3216,
      0
    ],
    [
      3305,
      3217,
      0
    ],
    [
      3305,
      3218,
      0
    ],
    [
      3306,
      3219,
      0
    ],
    [
      3306,
      3220,
      0
    ],
    [
      3306,
      3221,
      0
    ],
    [
      3306,
      3222,
      0
    ],
    [
      3306,
      3223,
      0
    ],
    [
      3306,
      3224,
      0
    ],
    [
      3306,
      3225,
      0
    ],
    [
      3306,
      3226,
      0
    ],
    [
      3307,
      3227,
      0
    ],
    [
      3307,
      3228,
      0
    ],
    [
      3308,
      3229,
      0
    ],
    [
      3309,
      3230,
      0
    ],
    [
      3310,
      3231,
      0
    ],
    [
      3311,
      3232,
      0
    ],
    [
      3312,
      3233,
      0
    ],
    [
      3313,
      3234,
      0
    ],
    [
      3314,
      3235,
      0
    ],
    [
      3314,
      3236,
      0
    ],
    [
      3315,
      3237,
      0
    ],
    [
      3316,
      3238,
      0
    ],
    [
      3317,
      3239,
      0
    ],
    [
      3318,
      3240,
      0
    ],
    [
      3319,
      3241,
      0
    ],
    [
      3320,
      3242,
      0
    ],
    [
      3321,
      3243,
      0
    ],
    [
      3322,
      3243,
      0
    ],
    [
      3323,
      3243,
      0
    ],
    [
      3324,
      3244,
      0
    ],
    [
      3325,
      3245,
      0
    ],
    [
      3326,
      3246,
      0
    ],
    [
      3327,
      3247,
      0
    ],
    [
      3328,
      3247,
      0
    ],
    [
      3329,
      3247,
      0
    ],
    [
      3329,
      3248,
      0
    ],
    [
      3329,
      3249,
      0
    ],
    [
      3330,
      3250,
      0
    ],
    [
      3330,
      3251,
      0
    ],
    [
      3330,
      3252,
      0
    ],
    [
      3330,
      3253,
      0
    ],
    [
      3330,
      3254,
      0
    ],
    [
      3331,
      3255,
      0
    ],
    [
      3332,
      3255,
      0
    ],
    [
      3333,
      3255,
      0
    ],
    [
      3334,
      3255,
      0
    ],
    [
      3335,
      3255,
      0
    ]
}